  913
  327
  104
  972
  431
  962
  29
  269
  831
  894
  134
  27
  47
  524
  760
  376
  96
  765
  62
  376
  659
  967
  620
  51
  889
  186
  405
  961
  220
  548
  477
  272
  926
  511
  543
  948
  136
  840
  967
  794
  101
  646
  51
  533
  651
  86
  268
  893
  184
  134
  337
  716
  304
  992
  958
  646
  658
  800
  653
  387
  97
  217
  820
  929
  853
  301
  728
  357
  747
  380
  15
  386
  333
  153
  153
  759
  334
  76
  706
  745
  31
  121
  491
  596
  485
  743
  196
  412
  402
  681
  980
  123
  529
  285
  354
  328
  518
  165
  184
  884